0,District,State,Population,Growth,SexRatio,Literacy
1,Thane,Maharashtra,11060148,36.01 %,886,84.53
2,North Twenty Four Parganas,West Bengal,10009781,12.04 %,955,84.06
3,Bangalore,Karnataka,9621551,47.18 %,916,87.67
4,Pune,Maharashtra,9429408,30.37 %,915,86.15
5,Mumbai Suburban,Maharashtra,9356962,8.29 %,860,89.91
6,South Twenty Four Parganas,West Bengal,8161961,18.17 %,956,77.51
7,Barddhaman,West Bengal,7717563,11.92 %,945,76.21
8,Ahmadabad,Gujarat,7214225,24.03 %,904,85.31
9,Murshidabad,West Bengal,7103807,21.09 %,958,66.59
10,Jaipur,Rajasthan,6626178,26.19 %,910,75.51
11,Nashik,Maharashtra,6107187,22.30 %,934,82.31
12,Surat,Gujarat,6081322,42.24 %,787,85.53
13,Allahabad,Uttar Pradesh,5954391,20.63 %,901,72.32
14,Paschim Medinipur,West Bengal,5913457,13.86 %,966,78.00
15,Patna,Bihar,5838465,23.73 %,897,70.68
16,Hugli,West Bengal,5519145,9.46 %,961,81.80
17,Rangareddy,Andhra Pradesh,5296741,48.16 %,961,75.87
18,Nadia,West Bengal,5167600,12.22 %,947,74.97
19,East Godavari,Andhra Pradesh,5154296,5.16 %,1006,70.99
20,Purbi Champaran,Bihar,5099371,29.43 %,902,55.79
21,Purba Medinipur,West Bengal,5095875,15.36 %,938,87.02
22,Guntur,Andhra Pradesh,4887813,9.47 %,1003,67.40
23,Haora,West Bengal,4850029,13.50 %,939,83.31
24,Muzaffarpur,Bihar,4801062,28.14 %,900,63.43
25,Belgaum,Karnataka,4779661,13.41 %,973,73.48
26,Moradabad,Uttar Pradesh,4772006,25.22 %,906,56.77
27,Ghaziabad,Uttar Pradesh,4681645,42.27 %,881,78.07
28,Nagpur,Maharashtra,4653570,14.40 %,951,88.39
29,Chennai,Tamil Nadu,4646732,6.98 %,989,90.18
30,Azamgarh,Uttar Pradesh,4613913,17.11 %,1019,70.93
31,Lucknow,Uttar Pradesh,4589838,25.82 %,917,77.29
32,Kanpur Nagar,Uttar Pradesh,4581268,9.92 %,862,79.65
33,Ahmadnagar,Maharashtra,4543159,12.44 %,939,79.05
34,Krishna,Andhra Pradesh,4517398,7.87 %,992,73.74
35,Kolkata,West Bengal,4496694,-1.67 %,908,86.31
36,Jaunpur,Uttar Pradesh,4494204,14.89 %,1024,71.55
37,Madhubani,Bihar,4487379,25.51 %,926,58.62
38,Sitapur,Uttar Pradesh,4483992,23.88 %,888,61.12
39,Bareilly,Uttar Pradesh,4448359,22.93 %,887,58.49
40,Gorakhpur,Uttar Pradesh,4440895,17.81 %,950,70.83
41,Agra,Uttar Pradesh,4418797,22.05 %,868,71.58
42,Gaya,Bihar,4391418,26.43 %,937,63.67
43,Solapur,Maharashtra,4317756,12.16 %,938,77.02
44,Visakhapatnam,Andhra Pradesh,4290589,11.96 %,1006,66.91
45,Samastipur,Bihar,4261566,25.53 %,911,61.86
46,Jalgaon,Maharashtra,4229917,14.86 %,925,78.20
47,Chittoor,Andhra Pradesh,4174064,11.43 %,997,71.53
48,Vadodara,Gujarat,4165626,14.38 %,934,78.92
49,Muzaffarnagar,Uttar Pradesh,4143512,16.94 %,889,69.12
50,Malappuram,Kerala,4112920,13.45 %,1098,93.57
51,Hardoi,Uttar Pradesh,4092845,20.44 %,868,64.57
52,Anantapur,Andhra Pradesh,4081148,12.10 %,977,63.57
53,Raipur,Chhattisgarh,4063872,34.70 %,984,75.56
54,Kurnool,Andhra Pradesh,4053463,14.85 %,988,59.97
55,Mahbubnagar,Andhra Pradesh,4053028,15.34 %,977,55.04
56,Kheri,Uttar Pradesh,4021243,25.38 %,894,60.56
57,Kancheepuram,Tamil Nadu,3998252,38.95 %,986,84.49
58,Maldah,West Bengal,3988845,21.22 %,944,61.73
59,Saran,Bihar,3951862,21.64 %,954,65.96
60,Hyderabad,Andhra Pradesh,3943323,2.97 %,954,83.25
61,Darbhanga,Bihar,3937385,19.47 %,911,56.56
62,West Godavari,Andhra Pradesh,3936966,3.51 %,1004,74.63
63,Vellore,Tamil Nadu,3936331,13.20 %,1007,79.17
64,Pashchim Champaran,Bihar,3935042,29.29 %,909,55.70
65,Kolhapur,Maharashtra,3876001,10.01 %,957,81.51
66,Jalpaiguri,West Bengal,3872846,13.87 %,953,73.25
67,Rajkot,Gujarat,3804558,20.02 %,927,80.96
68,Sultanpur,Uttar Pradesh,3797117,18.11 %,983,69.27
69,Karimnagar,Andhra Pradesh,3776269,8.15 %,1008,64.15
70,Thiruvallur,Tamil Nadu,3728104,35.33 %,987,84.03
71,Aurangabad,Maharashtra,3701282,27.76 %,923,79.02
72,Jodhpur,Rajasthan,3687165,27.74 %,916,65.94
73,Bijnor,Uttar Pradesh,3682713,17.60 %,917,68.48
74,Budaun,Uttar Pradesh,3681896,19.95 %,871,51.29
75,Varanasi,Uttar Pradesh,3676841,17.15 %,913,75.60
76,Alwar,Rajasthan,3674179,22.78 %,895,70.72
77,Aligarh,Uttar Pradesh,3673889,22.78 %,882,67.52
78,North West Delhi,Delhi,3656539,27.81 %,865,84.45
79,Ghazipur,Uttar Pradesh,3620268,19.18 %,952,71.78
80,Bankura,West Bengal,3596674,12.65 %,957,70.26
81,Kushinagar,Uttar Pradesh,3564544,23.20 %,961,65.25
82,Ganjam,Orissa,3529031,11.66 %,983,71.09
83,Warangal,Andhra Pradesh,3512576,8.21 %,997,65.11
84,Birbhum,West Bengal,3502404,16.15 %,956,70.68
85,Bulandshahar,Uttar Pradesh,3499171,20.12 %,896,68.88
86,Ludhiana,Punjab,3498739,15.36 %,873,82.20
87,Vaishali,Bihar,3495021,28.57 %,895,66.60
88,Nalgonda,Andhra Pradesh,3488809,7.41 %,983,64.20
89,Bahraich,Uttar Pradesh,3487731,46.48 %,892,49.36
90,Salem,Tamil Nadu,3482056,15.44 %,954,72.86
91,Saharanpur,Uttar Pradesh,3466382,19.66 %,890,70.49
92,Viluppuram,Tamil Nadu,3458873,16.84 %,987,71.88
93,Coimbatore,Tamil Nadu,3458045,18.56 %,1000,83.98
94,Meerut,Uttar Pradesh,3443689,14.89 %,886,72.84
95,Gonda,Uttar Pradesh,3433919,24.17 %,921,58.71
96,Sitamarhi,Bihar,3423574,27.62 %,899,52.05
97,Rae Bareli,Uttar Pradesh,3405559,18.56 %,943,67.25
98,Prakasam,Andhra Pradesh,3397448,11.05 %,981,63.08
99,Nanded,Maharashtra,3361292,16.86 %,943,75.45
100,Durg,Chhattisgarh,3343872,18.98 %,988,79.06
101,Siwan,Bihar,3330464,22.70 %,988,69.45
102,Nagaur,Rajasthan,3307743,19.20 %,950,62.80
103,Thiruvananthapuram,Kerala,3301427,2.07 %,1087,93.02
104,Ernakulam,Kerala,3282388,5.69 %,1027,95.89
105,Indore,Madhya Pradesh,3276697,32.88 %,928,80.87
106,Purnia,Bihar,3264619,28.33 %,921,51.08
107,Barabanki,Uttar Pradesh,3260699,21.96 %,910,61.75
108,Ballia,Uttar Pradesh,3239774,17.31 %,937,70.94
109,Pratapgarh,Uttar Pradesh,3209141,17.50 %,998,70.09
110,Thrissur,Kerala,3121200,4.94 %,1108,95.08
111,Banaskantha,Gujarat,3120506,24.61 %,938,65.32
112,Unnao,Uttar Pradesh,3108367,15.11 %,907,66.37
113,Deoria,Uttar Pradesh,3100946,14.31 %,1017,71.13
114,Kozhikode,Kerala,3086293,7.20 %,1098,95.08
115,Mumbai City,Maharashtra,3085411,-7.57 %,832,89.21
116,Tirunelveli,Tamil Nadu,3077233,12.97 %,1023,82.50
117,Katihar,Bihar,3071029,28.35 %,919,52.24
118,Udaipur,Rajasthan,3068420,23.69 %,958,61.82
119,Madurai,Tamil Nadu,3038252,17.84 %,990,83.45
120,Bhagalpur,Bihar,3037766,25.36 %,880,63.14
121,Medak,Andhra Pradesh,3033288,13.60 %,992,61.42
122,Uttar Dinajpur,West Bengal,3007134,23.15 %,939,59.07
123,Shahjahanpur,Uttar Pradesh,3006538,18.00 %,872,59.54
124,Satara,Maharashtra,3003741,6.93 %,988,82.87
125,Mysore,Karnataka,3001127,13.63 %,985,72.79
126,Begusarai,Bihar,2970541,26.44 %,895,63.87
127,Sri Potti Sriramulu Nellore,Andhra Pradesh,2963557,11.05 %,985,68.90
128,Rohtas,Bihar,2959918,20.78 %,918,73.37
129,Puruliya,West Bengal,2930115,15.52 %,957,64.48
130,Ranchi,Jharkhand,2914253,23.98 %,949,76.06
131,Amravati,Maharashtra,2888445,10.79 %,951,87.38
132,YSR,Andhra Pradesh,2882469,10.79 %,985,67.30
133,Bhavnagar,Gujarat,2880365,16.63 %,933,75.52
134,Nalanda,Bihar,2877653,21.39 %,922,64.43
135,Nagaon,Assam,2823768,22.00 %,962,72.37
136,Sangli,Maharashtra,2822143,9.24 %,966,81.48
137,Koch Bihar,West Bengal,2819086,13.71 %,942,74.78
138,Araria,Bihar,2811569,30.25 %,921,53.53
139,Palakkad,Kerala,2809934,7.35 %,1067,89.31
140,Khammam,Andhra Pradesh,2797370,8.47 %,1011,64.81
141,Yavatmal,Maharashtra,2772348,12.78 %,952,82.82
142,Junagadh,Gujarat,2743082,12.05 %,953,75.80
143,Adilabad,Andhra Pradesh,2741239,10.18 %,1001,61.01
144,South Delhi,Delhi,2731929,20.51 %,862,86.57
145,Bhojpur,Bihar,2728407,21.63 %,907,70.47
146,Tiruchirappalli,Tamil Nadu,2722290,12.57 %,1013,83.23
147,Srikakulam,Andhra Pradesh,2703114,6.52 %,1015,61.74
148,Maharajganj,Uttar Pradesh,2684703,23.50 %,943,62.76
149,Dhanbad,Jharkhand,2684487,11.99 %,909,74.52
150,Tumkur,Karnataka,2678980,3.65 %,984,75.14
151,Sikar,Rajasthan,2677333,17.03 %,947,71.91
152,Bilaspur,Chhattisgarh,2663629,33.29 %,971,70.78
153,Kollam,Kerala,2635375,1.94 %,1113,94.09
154,Raigarh,Maharashtra,2634200,19.31 %,959,83.14
155,Fatehpur,Uttar Pradesh,2632733,14.05 %,901,67.43
156,Cuttack,Orissa,2624470,12.10 %,940,85.50
157,Cuddalore,Tamil Nadu,2605914,14.02 %,987,78.04
158,Barmer,Rajasthan,2603751,32.52 %,902,56.53
159,Buldana,Maharashtra,2586258,15.85 %,934,83.40
160,Bid,Maharashtra,2585049,19.61 %,916,76.99
161,Ajmer,Rajasthan,2583052,18.40 %,951,69.33
162,Gulbarga,Karnataka,2566326,18.01 %,971,64.85
163,Gopalganj,Bihar,2562012,19.02 %,1021,65.47
164,Siddharth Nagar,Uttar Pradesh,2559297,25.45 %,976,59.25
165,Nizamabad,Andhra Pradesh,2551335,8.77 %,1040,61.25
166,Bharatpur,Rajasthan,2548462,21.29 %,880,70.11
167,Mathura,Uttar Pradesh,2547184,22.78 %,863,70.36
168,West Delhi,Delhi,2543243,19.46 %,875,86.98
169,Aurangabad,Bihar,2540073,26.18 %,926,70.32
170,Kannur,Kerala,2523003,4.73 %,1136,95.10
171,Mayurbhanj,Orissa,2519738,13.33 %,1006,63.17
172,Firozabad,Uttar Pradesh,2498156,21.69 %,875,71.92
173,Mirzapur,Uttar Pradesh,2496970,18.00 %,903,68.48
174,Amritsar,Punjab,2490656,15.47 %,889,76.27
175,Tiruppur,Tamil Nadu,2479052,29.11 %,989,78.68
176,Faizabad,Uttar Pradesh,2470996,18.29 %,962,68.73
177,Tiruvannamalai,Tamil Nadu,2464875,12.75 %,994,74.21
178,Basti,Uttar Pradesh,2464464,18.21 %,963,67.22
179,Jabalpur,Madhya Pradesh,2463289,14.51 %,929,81.07
180,Latur,Maharashtra,2454196,17.97 %,928,77.26
181,Bellary,Karnataka,2452595,20.99 %,983,67.43
182,Giridih,Jharkhand,2445474,28.41 %,944,63.14
183,Sabarkantha,Gujarat,2428589,16.62 %,952,75.79
184,Bhilwara,Rajasthan,2408523,19.60 %,973,61.37
185,Thanjavur,Tamil Nadu,2405890,8.56 %,1035,82.64
186,Ambedkar Nagar,Uttar Pradesh,2397888,18.30 %,978,72.23
187,PanchMahal,Gujarat,2390776,18.05 %,949,70.99
188,Sagar,Madhya Pradesh,2378458,17.63 %,893,76.46
189,Bhopal,Madhya Pradesh,2371061,28.62 %,918,80.37
190,Rewa,Madhya Pradesh,2365106,19.86 %,931,71.62
191,Bikaner,Rajasthan,2363937,41.19 %,905,65.13
192,Surguja,Chhattisgarh,2359886,19.66 %,978,60.01
193,Vizianagaram,Andhra Pradesh,2344474,4.23 %,1019,58.89
194,Rampur,Uttar Pradesh,2335819,21.42 %,909,53.34
195,Baleshwar,Orissa,2320529,14.62 %,957,79.79
196,Kheda,Gujarat,2299885,13.62 %,940,82.65
197,Gurdaspur,Punjab,2298323,9.26 %,895,79.95
198,Purbi Singhbhum,Jharkhand,2293919,15.68 %,949,75.49
199,South West Delhi,Delhi,2292958,30.65 %,840,88.28
200,Erode,Tamil Nadu,2251744,11.66 %,993,72.58
201,Khordha,Orissa,2251673,19.94 %,929,86.88
202,North East Delhi,Delhi,2241624,26.78 %,886,83.09
203,Supaul,Bihar,2229076,28.66 %,929,57.67
204,Satna,Madhya Pradesh,2228935,19.19 %,926,72.26
205,Nawada,Bihar,2219146,22.63 %,939,59.76
206,Mau,Uttar Pradesh,2205968,18.98 %,979,73.09
207,Chandrapur,Maharashtra,2204307,6.43 %,961,80.01
208,Jalandhar,Punjab,2193590,11.76 %,915,82.48
209,Dhar,Madhya Pradesh,2185793,25.60 %,964,59.00
210,Bijapur,Karnataka,2177331,20.50 %,960,67.15
211,Jamnagar,Gujarat,2160119,13.44 %,939,73.65
212,Dindigul,Tamil Nadu,2159775,12.31 %,998,76.26
213,Balrampur,Uttar Pradesh,2148665,27.72 %,928,49.51
214,Jhunjhunun,Rajasthan,2137045,11.67 %,950,74.13
215,Alappuzha,Kerala,2127789,0.88 %,1100,95.72
216,Dohad,Gujarat,2127086,29.98 %,990,58.82
217,Sundargarh,Orissa,2093437,14.35 %,973,73.34
218,Anand,Gujarat,2092745,12.70 %,925,84.37
219,Kachchh,Gujarat,2092371,32.16 %,908,70.59
220,Chhindwara,Madhya Pradesh,2090922,13.07 %,964,71.16
221,Dakshina Kannada,Karnataka,2089649,10.11 %,1020,88.57
222,Bokaro,Jharkhand,2062330,16.01 %,922,72.01
223,Dhule,Maharashtra,2050862,20.08 %,946,72.80
224,Churu,Rajasthan,2039547,6.01 %,940,66.75
225,Pali,Rajasthan,2037573,11.94 %,987,62.39
226,Mahesana,Gujarat,2035064,10.73 %,926,83.61
227,Banka,Bihar,2034763,26.48 %,907,58.17
228,Gwalior,Madhya Pradesh,2032036,24.50 %,864,76.65
229,Pilibhit,Uttar Pradesh,2031007,23.45 %,895,61.47
230,Firozpur,Punjab,2029074,16.21 %,893,68.92
231,Madhepura,Bihar,2001762,31.12 %,911,52.25
232,Jhansi,Uttar Pradesh,1998603,14.54 %,890,75.05
233,Ujjain,Madhya Pradesh,1986864,16.12 %,955,72.34
234,Kottayam,Kerala,1974551,1.07 %,1039,97.21
235,Ganganagar,Rajasthan,1969168,10.04 %,887,69.64
236,Morena,Madhya Pradesh,1965970,23.44 %,840,71.03
237,Jalna,Maharashtra,1959046,21.46 %,937,71.52
238,Chandauli,Uttar Pradesh,1952756,18.83 %,918,71.48
239,Kota,Rajasthan,1951014,24.39 %,911,76.56
240,Dhubri,Assam,1949258,24.44 %,953,58.34
241,Davanagere,Karnataka,1945497,8.63 %,972,75.74
242,Virudhunagar,Tamil Nadu,1942288,10.91 %,1007,80.15
243,Palamu,Jharkhand,1939869,26.17 %,928,63.63
244,Raichur,Karnataka,1928812,15.51 %,1000,59.56
245,Sonitpur,Assam,1924110,15.55 %,956,67.34
246,Saharsa,Bihar,1900661,26.02 %,906,53.20
247,Patiala,Punjab,1895686,19.62 %,891,75.28
248,Haridwar,Uttarakhand,1890422,30.63 %,880,73.43
249,Bagalkot,Karnataka,1889752,14.40 %,989,68.82
250,Farrukhabad,Uttar Pradesh,1885204,20.05 %,874,69.04
251,Krishnagiri,Tamil Nadu,1879809,20.41 %,958,71.46
252,West Nimar,Madhya Pradesh,1873046,22.85 %,965,62.70
253,Kanniyakumari,Tamil Nadu,1870374,11.60 %,1019,91.75
254,Mainpuri,Uttar Pradesh,1868529,17.02 %,881,75.99
255,Sonbhadra,Uttar Pradesh,1862559,27.27 %,918,64.03
256,Dharwad,Karnataka,1847023,15.13 %,971,80.00
257,Darjiling,West Bengal,1846823,14.77 %,970,79.56
258,Jyotiba Phule Nagar,Uttar Pradesh,1840221,22.76 %,910,63.84
259,Parbhani,Maharashtra,1836086,20.19 %,947,73.34
260,Jalor,Rajasthan,1828730,26.21 %,952,54.86
261,Jajapur,Orissa,1827192,12.49 %,973,80.13
262,Akola,Maharashtra,1813906,11.27 %,946,88.05
263,Faridabad,Haryana,1809733,32.54 %,873,81.70
264,Mandya,Karnataka,1805769,2.38 %,995,70.40
265,Kendujhar,Orissa,1801733,15.35 %,988,68.24
266,Banda,Uttar Pradesh,1799410,17.05 %,863,66.67
267,Banswara,Rajasthan,1797485,26.53 %,980,56.33
268,Ramabai Nagar,Uttar Pradesh,1796184,14.89 %,865,75.78
269,Hassan,Karnataka,1776421,3.18 %,1010,76.07
270,Hanumangarh,Rajasthan,1774692,16.91 %,906,67.13
271,Etah,Uttar Pradesh,1774480,13.62 %,873,70.81
272,Chhattarpur,Madhya Pradesh,1762375,19.51 %,883,63.74
273,Jamui,Bihar,1760405,25.85 %,922,59.79
274,Surendranagar,Gujarat,1756268,15.91 %,930,72.13
275,Shimoga,Karnataka,1752753,6.71 %,998,80.45
276,Thoothukkudi,Tamil Nadu,1750176,11.32 %,1023,86.16
277,Hisar,Haryana,1743931,13.45 %,872,72.89
278,Cachar,Assam,1736617,20.19 %,959,79.34
279,Hazaribagh,Jharkhand,1734495,20.65 %,947,69.75
280,Namakkal,Tamil Nadu,1726601,15.61 %,986,74.63
281,Shivpuri,Madhya Pradesh,1726050,22.76 %,877,62.55
282,West Tripura,Tripura,1725739,12.57 %,962,88.69
283,Sant Kabir Nagar,Uttar Pradesh,1715183,20.77 %,972,66.72
284,East Delhi,Delhi,1709346,16.79 %,884,89.31
285,Buxar,Bihar,1706352,21.67 %,922,70.14
286,Valsad,Gujarat,1705678,20.92 %,922,78.55
287,Bidar,Karnataka,1703300,13.37 %,956,70.51
288,Bhind,Madhya Pradesh,1703005,19.21 %,837,75.26
289,Balaghat,Madhya Pradesh,1701698,13.60 %,1021,77.09
290,Puri,Orissa,1698730,13.05 %,963,84.67
291,Dehradun,Uttarakhand,1696694,32.33 %,902,84.25
292,Barpeta,Assam,1693622,21.43 %,953,63.81
293,Kishanganj,Bihar,1690400,30.40 %,950,55.46
294,Jalaun,Uttar Pradesh,1689974,16.19 %,865,73.75
295,Dakshin Dinajpur,West Bengal,1676276,11.52 %,956,72.82
296,Khagaria,Bihar,1666886,30.19 %,886,57.92
297,Chitradurga,Karnataka,1659456,9.33 %,974,73.71
298,Osmanabad,Maharashtra,1657576,11.50 %,924,78.44
299,Kannauj,Uttar Pradesh,1656616,19.27 %,879,72.70
300,Sangrur,Punjab,1655169,12.35 %,885,67.99
301,Balangir,Orissa,1648997,23.32 %,987,64.72
302,Udham Singh Nagar,Uttarakhand,1648902,33.45 %,920,73.10
303,Nandurbar,Maharashtra,1648295,25.66 %,978,64.38
304,Gautam Buddha Nagar,Uttar Pradesh,1648115,37.11 %,851,80.12
305,Bhiwani,Haryana,1634445,14.70 %,886,75.21
306,Dausa,Rajasthan,1634409,24.09 %,905,68.16
307,Kaimur,Bihar,1626384,26.17 %,920,69.34
308,Janjgir Champa,Chhattisgarh,1619707,22.94 %,986,73.07
309,Pudukkottai,Tamil Nadu,1618345,10.88 %,1015,77.19
310,Nagapattinam,Tamil Nadu,1616450,8.57 %,1025,83.59
311,Ratnagiri,Maharashtra,1615069,-4.82 %,1122,82.18
312,Kaushambi,Uttar Pradesh,1599596,23.70 %,908,61.28
313,Haveri,Karnataka,1597668,11.02 %,950,77.40
314,Hoshiarpur,Punjab,1586625,7.11 %,961,84.59
315,Etawah,Uttar Pradesh,1581810,18.15 %,870,78.41
316,Sant Ravidas Nagar,Uttar Pradesh,1578213,16.58 %,955,68.97
317,Kalahandi,Orissa,1576869,18.07 %,1003,59.22
318,Betul,Madhya Pradesh,1575362,12.92 %,971,68.90
319,Mahamaya Nagar,Uttar Pradesh,1564708,17.12 %,871,71.59
320,Dewas,Madhya Pradesh,1563715,19.53 %,942,69.35
321,Bharuch,Gujarat,1551019,13.16 %,925,81.51
322,Rajgarh,Madhya Pradesh,1545814,23.26 %,956,61.21
323,Chittaurgarh,Rajasthan,1544338,16.08 %,972,61.71
324,Rajnandgaon,Chhattisgarh,1537133,19.79 %,1015,75.96
325,Kolar,Karnataka,1536401,10.77 %,979,74.39
326,Jammu,Jammu and Kashmir,1529958,12.74 %,880,83.45
327,Kamrup,Assam,1517542,15.69 %,949,75.55
328,Gurgaon,Haryana,1514432,73.96 %,854,84.70
329,Amreli,Gujarat,1514190,8.63 %,964,74.25
330,Shajapur,Madhya Pradesh,1512681,17.20 %,938,69.09
331,Kangra,Himachal Pradesh,1510075,12.77 %,1012,85.67
332,Dharmapuri,Tamil Nadu,1506843,16.34 %,946,68.54
333,Bhadrak,Orissa,1506337,12.94 %,981,82.78
334,Karnal,Haryana,1505324,18.14 %,887,74.73
335,Pashchimi Singhbhum,Jharkhand,1502338,21.75 %,1005,58.63
336,Raigarh,Chhattisgarh,1493984,18.05 %,991,73.26
337,Deoghar,Jharkhand,1492073,28.03 %,925,64.85
338,Bargarh,Orissa,1481255,10.02 %,977,74.62
339,Vidisha,Madhya Pradesh,1458875,20.09 %,896,70.53
340,Karauli,Rajasthan,1458248,20.55 %,861,66.22
341,Ratlam,Madhya Pradesh,1455069,19.72 %,971,66.78
342,Sonipat,Haryana,1450001,13.35 %,856,79.12
343,Tikamgarh,Madhya Pradesh,1445166,20.13 %,901,61.43
344,Kendrapara,Orissa,1440361,10.63 %,1007,85.15
345,Uttara Kannada,Karnataka,1437169,6.17 %,979,84.06
346,Kanshiram Nagar,Uttar Pradesh,1436719,16.93 %,880,61.02
347,Tonk,Rajasthan,1421326,17.30 %,952,61.58
348,Bastar,Chhattisgarh,1413199,17.96 %,1023,54.40
349,Jhalawar,Rajasthan,1411129,19.55 %,946,61.50
350,Gandhinagar,Gujarat,1391753,4.29 %,923,84.16
351,Koppal,Karnataka,1389920,16.21 %,986,68.09
352,Dungarpur,Rajasthan,1388552,25.36 %,994,59.46
353,Bathinda,Punjab,1388525,17.34 %,868,68.28
354,Barwani,Madhya Pradesh,1385881,27.57 %,982,49.08
355,Koraput,Orissa,1379647,16.86 %,1032,49.21
356,Auraiya,Uttar Pradesh,1379545,16.91 %,864,78.95
357,Seoni,Madhya Pradesh,1379131,18.22 %,982,72.12
358,Munger,Bihar,1367765,20.21 %,876,70.46
359,Ramanathapuram,Tamil Nadu,1353445,13.96 %,983,80.72
360,Patan,Gujarat,1343734,13.61 %,935,72.30
361,Mandsaur,Madhya Pradesh,1340411,13.24 %,963,71.78
362,Sivaganga,Tamil Nadu,1339101,15.90 %,1003,79.85
363,Sawai Madhopur,Rajasthan,1335551,19.56 %,897,65.39
364,Jind,Haryana,1334152,12.13 %,871,71.44
365,Raisen,Madhya Pradesh,1331597,18.35 %,901,72.98
366,Navsari,Gujarat,1329672,8.15 %,961,83.88
367,Tinsukia,Assam,1327929,15.47 %,952,69.66
368,Dibrugarh,Assam,1326335,11.92 %,961,76.05
369,Garhwa,Jharkhand,1322784,27.75 %,935,60.33
370,Gondiya,Maharashtra,1322507,10.14 %,999,84.95
371,Dumka,Jharkhand,1321442,19.42 %,977,61.02
372,Godda,Jharkhand,1313551,25.35 %,938,56.40
373,Sehore,Madhya Pradesh,1311332,21.54 %,918,70.06
374,East Nimar,Madhya Pradesh,1310061,21.50 %,943,66.39
375,Kasaragod,Kerala,1307375,8.58 %,1080,90.09
376,Baghpat,Uttar Pradesh,1303048,11.95 %,861,72.01
377,Wardha,Maharashtra,1300774,5.18 %,946,86.99
378,Sirsa,Haryana,1295189,15.99 %,897,68.82
379,Katni,Madhya Pradesh,1292042,21.41 %,952,71.98
380,Anugul,Orissa,1273821,11.74 %,943,77.53
381,Thiruvarur,Tamil Nadu,1264277,8.11 %,1017,82.86
382,Damoh,Madhya Pradesh,1264219,16.63 %,910,69.73
383,Chikkaballapura,Karnataka,1255104,9.23 %,972,69.76
384,Kamrup Metropolitan,Assam,1253938,18.34 %,936,88.71
385,Theni,Tamil Nadu,1245899,13.89 %,991,77.26
386,Guna,Madhya Pradesh,1241519,26.97 %,912,63.23
387,Hoshangabad,Madhya Pradesh,1241350,14.49 %,914,75.29
388,Srinagar,Jammu and Kashmir,1236829,20.35 %,900,69.41
389,Karimganj,Assam,1228686,21.90 %,963,78.22
390,Baran,Rajasthan,1222755,19.68 %,929,66.66
391,Lalitpur,Uttar Pradesh,1221592,24.94 %,906,63.52
392,Nabarangapur,Orissa,1220946,19.03 %,1019,46.43
393,Yamunanagar,Haryana,1214205,16.57 %,877,77.99
394,Korba,Chhattisgarh,1206640,19.25 %,969,72.37
395,Dhaulpur,Rajasthan,1206516,22.71 %,846,69.08
396,Panipat,Haryana,1205437,24.60 %,864,75.94
397,Bhandara,Maharashtra,1200334,5.65 %,982,83.76
398,Pathanamthitta,Kerala,1197412,-2.97 %,1132,96.55
399,Washim,Maharashtra,1197160,17.34 %,930,83.25
400,Dhenkanal,Orissa,1192811,11.80 %,947,78.76
401,Singrauli,Madhya Pradesh,1178273,28.05 %,920,60.41
402,Udupi,Karnataka,1177361,5.85 %,1094,86.24
403,Hingoli,Maharashtra,1177345,19.27 %,942,78.17
404,Yadgir,Karnataka,1174271,22.81 %,989,51.83
405,Rajsamand,Rajasthan,1156597,17.18 %,990,63.14
406,Sivasagar,Assam,1151050,9.44 %,954,80.41
407,Sahibganj,Jharkhand,1150567,24.01 %,952,52.04
408,Chikmagalur,Karnataka,1137961,-0.26 %,1008,79.25
409,Jagatsinghapur,Orissa,1136971,7.50 %,968,86.59
410,Ambala,Haryana,1128350,11.23 %,885,81.75
411,Sidhi,Madhya Pradesh,1127033,23.72 %,957,64.43
412,Jehanabad,Bihar,1125313,21.68 %,922,66.80
413,Tarn Taran,Punjab,1119627,19.23 %,900,67.81
414,Shrawasti,Uttar Pradesh,1117361,-5.02 %,881,46.74
415,Bundi,Rajasthan,1110906,15.40 %,925,61.52
416,Idukki,Kerala,1108974,-1.79 %,1006,91.99
417,Hamirpur,Uttar Pradesh,1104285,5.80 %,861,68.77
418,Jorhat,Assam,1092256,9.31 %,962,82.15
419,Narsimhapur,Madhya Pradesh,1091854,14.01 %,920,75.69
420,Mewat,Haryana,1089263,37.93 %,907,54.08
421,Ramanagara,Karnataka,1082636,5.05 %,976,69.22
422,Anantnag,Jammu and Kashmir,1078692,38.58 %,927,62.69
423,Kaithal,Haryana,1074304,13.55 %,881,69.15
424,Gadchiroli,Maharashtra,1072942,10.58 %,982,74.36
425,Golaghat,Assam,1066888,12.75 %,964,77.43
426,Shahdol,Madhya Pradesh,1066063,17.39 %,974,66.67
427,Saraikela Kharsawan,Jharkhand,1065056,25.47 %,956,67.70
428,Gadag,Karnataka,1064570,9.54 %,982,75.12
429,Karur,Tamil Nadu,1064493,13.77 %,1015,75.60
430,Rohtak,Haryana,1061204,12.88 %,867,80.22
431,Chandigarh,Chandigarh,1055450,17.19 %,818,86.05
432,Mandla,Madhya Pradesh,1054905,17.97 %,1008,66.87
433,Chatra,Jharkhand,1042886,31.77 %,953,60.18
434,Palwal,Haryana,1042708,25.76 %,880,69.32
435,Lakhimpur,Assam,1042137,17.22 %,968,77.20
436,Sambalpur,Orissa,1041099,11.27 %,976,76.22
437,Sirohi,Rajasthan,1036346,21.76 %,940,55.25
438,Mahasamund,Chhattisgarh,1032754,20.05 %,1017,71.02
439,Gumla,Jharkhand,1025213,23.16 %,993,65.73
440,Jhabua,Madhya Pradesh,1025048,30.70 %,990,43.30
441,Chamarajanagar,Karnataka,1020791,5.73 %,993,61.43
442,Panna,Madhya Pradesh,1016520,18.67 %,905,64.79
443,Goalpara,Assam,1008183,22.64 %,964,67.37
444,Baramula,Jammu and Kashmir,1008039,19.45 %,885,64.63
445,Lakhisarai,Bihar,1000912,24.77 %,902,62.42
446,Mandi,Himachal Pradesh,999777,10.92 %,1007,81.53
447,Moga,Punjab,995746,11.28 %,893,70.68
448,Mohali,Punjab,994628,33.15 %,879,83.80
449,Chitrakoot,Uttar Pradesh,991730,29.43 %,879,65.05
450,Bangalore Rural,Karnataka,990923,16.45 %,946,77.93
451,Rayagada,Orissa,967911,16.46 %,1051,49.76
452,Kurukshetra,Haryana,964655,16.86 %,888,76.31
453,Nayagarh,Orissa,962789,11.37 %,915,80.42
454,Jhajjar,Haryana,958405,8.90 %,862,80.65
455,Morigaon,Assam,957423,23.34 %,967,68.03
456,Karbi Anglong,Assam,956313,17.58 %,951,69.25
457,Nainital,Uttarakhand,954605,25.13 %,934,83.88
458,Puducherry,Puducherry,950289,29.23 %,1029,85.44
459,Baksa,Assam,950075,10.74 %,974,69.25
460,Ramgarh,Jharkhand,949443,13.10 %,921,73.17
461,Fatehabad,Haryana,942011,16.85 %,902,67.92
462,Darrang,Assam,928500,22.19 %,954,63.08
463,Mahendragarh,Haryana,922088,13.48 %,895,77.72
464,Muktsar,Punjab,901896,16.00 %,896,65.81
465,Pakur,Jharkhand,900422,28.33 %,989,48.82
466,Rewari,Haryana,900332,17.64 %,898,80.99
467,North Delhi,Delhi,887978,13.62 %,869,86.85
468,Kokrajhar,Assam,887142,5.21 %,959,65.22
469,South Tripura,Tripura,876001,14.15 %,957,84.66
470,Mahoba,Uttar Pradesh,875958,23.64 %,878,65.27
471,Kupwara,Jammu and Kashmir,870354,33.82 %,835,64.51
472,Pratapgarh,Rajasthan,867848,22.78 %,983,55.97
473,Jashpur,Chhattisgarh,851669,14.60 %,1005,67.92
474,Sindhudurg,Maharashtra,849651,-2.21 %,1036,85.56
475,Ashoknagar,Madhya Pradesh,845071,22.66 %,904,66.42
476,Udalguri,Assam,831668,9.61 %,973,65.41
477,Neemuch,Madhya Pradesh,826067,13.77 %,954,70.80
478,East Khasi Hills,Meghalaya,825922,24.96 %,1011,84.15
479,Kabirdham,Chhattisgarh,822526,40.71 %,996,60.85
480,North Goa,Goa,818008,7.84 %,963,89.57
481,Wayanad,Kerala,817420,4.71 %,1035,89.03
482,Kapurthala,Punjab,815168,8.04 %,912,79.07
483,Shimla,Himachal Pradesh,814010,12.67 %,915,83.64
484,Tapi,Gujarat,807022,12.14 %,1007,68.26
485,Dhamtari,Chhattisgarh,799781,13.19 %,1010,78.36
486,Jamtara,Jharkhand,791042,21.12 %,954,64.59
487,Datia,Madhya Pradesh,786754,18.46 %,873,72.63
488,Nalbari,Assam,771639,11.99 %,949,78.63
489,Mansa,Punjab,769751,11.76 %,883,61.83
490,Burhanpur,Madhya Pradesh,757847,19.37 %,951,64.36
491,Ariyalur,Tamil Nadu,754894,8.54 %,1015,71.34
492,Badgam,Jammu and Kashmir,753745,24.14 %,894,56.08
493,Anuppur,Madhya Pradesh,749237,12.30 %,976,67.88
494,Kanker,Chhattisgarh,748941,15.06 %,1006,70.29
495,Bongaigaon,Assam,738804,20.59 %,966,69.74
496,The Nilgiris,Tamil Nadu,735394,-3.51 %,1042,85.20
497,Kandhamal,Orissa,733110,13.10 %,1037,64.13
498,Alirajpur,Madhya Pradesh,728999,19.45 %,1011,36.10
499,Latehar,Jharkhand,726978,29.61 %,967,59.51
500,Kodarma,Jharkhand,716259,43.42 %,950,66.84
501,Dindori,Madhya Pradesh,704524,21.32 %,1002,63.90
502,Arwal,Bihar,700843,18.89 %,928,67.43
503,North Tripura,Tripura,693947,17.44 %,967,87.50
504,Sheopur,Madhya Pradesh,687861,22.94 %,901,57.43
505,Pauri Garhwal,Uttarakhand,687271,-1.41 %,1103,82.02
506,Dhemaji,Assam,686133,19.97 %,953,72.70
507,Rupnagar,Punjab,684627,8.87 %,915,82.19
508,Jaisalmer,Rajasthan,669919,31.81 %,852,57.22
509,Hailakandi,Assam,659296,21.45 %,951,74.33
510,Korea,Chhattisgarh,658917,12.38 %,968,70.64
511,Sheohar,Bihar,656246,27.19 %,893,53.78
512,Umaria,Madhya Pradesh,644758,24.96 %,950,65.89
513,West Garo Hills,Meghalaya,643291,24.09 %,984,67.58
514,Rajouri,Jammu and Kashmir,642415,32.93 %,860,68.17
515,South Goa,Goa,640537,8.73 %,986,87.59
516,Sheikhpura,Bihar,636342,21.09 %,930,63.86
517,Almora,Uttarakhand,622506,-1.28 %,1139,80.47
518,Tehri Garhwal,Uttarakhand,618931,2.35 %,1077,76.36
519,Faridkot,Punjab,617508,12.09 %,890,69.55
520,Kathua,Jammu and Kashmir,616435,20.53 %,890,73.09
521,Malkangiri,Orissa,613192,21.62 %,1020,48.54
522,Shahid Bhagat Singh Nagar,Punjab,612310,4.23 %,954,79.78
523,Nuapada,Orissa,610382,15.02 %,1021,57.35
524,Subarnapur,Orissa,610183,12.61 %,960,74.42
525,Fatehgarh Sahib,Punjab,600163,11.46 %,871,79.35
526,Simdega,Jharkhand,599578,16.58 %,997,67.99
527,Barnala,Punjab,595527,13.02 %,876,67.82
528,Narmada,Gujarat,590297,14.75 %,961,72.31
529,Porbandar,Gujarat,585449,9.06 %,950,75.78
530,Central Delhi,Delhi,582320,-9.91 %,892,85.14
531,Solan,Himachal Pradesh,580320,15.93 %,880,83.68
532,Jharsuguda,Orissa,579505,13.69 %,953,78.86
533,Gajapati,Orissa,577817,11.37 %,1043,53.49
534,Harda,Madhya Pradesh,570465,20.25 %,935,72.50
535,Perambalur,Tamil Nadu,565223,14.50 %,1003,74.32
536,Panchkula,Haryana,561293,19.83 %,873,81.88
537,Pulwama,Jammu and Kashmir,560440,27.00 %,912,63.48
538,Udhampur,Jammu and Kashmir,554985,20.78 %,870,68.49
539,Kodagu,Karnataka,554519,1.09 %,1019,82.61
540,Dantewada,Chhattisgarh,533638,12.08 %,1020,42.12
541,Khunti,Jharkhand,531885,22.32 %,997,63.86
542,Sirmaur,Himachal Pradesh,529855,15.54 %,918,78.80
543,Una,Himachal Pradesh,521173,16.26 %,976,86.53
544,Chamba,Himachal Pradesh,519080,12.63 %,986,72.17
545,Imphal West,Manipur,517992,16.56 %,1031,86.08
546,Pithoragarh,Uttarakhand,483439,4.58 %,1020,82.25
547,Chirang,Assam,482162,11.34 %,969,63.55
548,Senapati,Manipur,479148,68.94 %,937,63.60
549,Punch,Jammu and Kashmir,476835,27.97 %,893,66.74
550,Lohardaga,Jharkhand,461790,26.68 %,985,67.61
551,Imphal East,Manipur,456113,15.51 %,1017,81.95
552,Hamirpur,Himachal Pradesh,454768,10.19 %,1095,88.15
553,Baudh,Orissa,441162,18.16 %,991,71.61
554,Kullu,Himachal Pradesh,437903,14.76 %,942,79.40
555,Kulgam,Jammu and Kashmir,424483,7.73 %,951,59.23
556,Thoubal,Manipur,422168,15.94 %,1002,74.47
557,Doda,Jammu and Kashmir,409936,28.00 %,919,64.68
558,Aizawl,Mizoram,400309,22.92 %,1009,97.89
559,Jaintia Hills,Meghalaya,395124,32.10 %,1013,61.64
560,Bandipora,Jammu and Kashmir,392232,28.65 %,889,56.28
561,Chamoli,Uttarakhand,391605,5.74 %,1019,82.65
562,West Khasi Hills,Meghalaya,383461,29.53 %,980,77.87
563,Bilaspur,Himachal Pradesh,381956,12.05 %,981,84.59
564,Dimapur,Nagaland,378811,127.29 %,919,84.79
565,Dhalai,Tripura,378230,22.85 %,944,85.72
566,Dadra and Nagar Haveli,Dadra and Nagar Haveli,343709,55.88 %,774,76.24
567,Uttarkashi,Uttarakhand,330086,11.89 %,958,75.81
568,Samba,Jammu and Kashmir,318898,17.01 %,886,81.41
569,East Garo Hills,Meghalaya,317917,26.87 %,972,73.95
570,Reasi,Jammu and Kashmir,314667,27.04 %,890,58.15
571,Debagarh,Orissa,312520,14.01 %,975,72.57
572,Ganderbal,Jammu and Kashmir,297446,36.50 %,874,58.04
573,Ramban,Jammu and Kashmir,283713,31.99 %,902,54.27
574,East Sikkim,Sikkim,283583,15.73 %,873,83.85
575,Churachandpur,Manipur,274143,20.29 %,975,82.78
576,Kohima,Nagaland,267988,131.81 %,928,85.23
577,Shupiyan,Jammu and Kashmir,266215,25.97 %,951,60.76
578,Bageshwar,Uttarakhand,259898,4.18 %,1090,80.01
579,Champawat,Uttarakhand,259648,15.63 %,980,79.83
580,Ri Bhoi,Meghalaya,258840,34.26 %,953,75.67
581,Bijapur,Chhattisgarh,255230,8.78 %,984,40.86
582,Mon,Nagaland,250260,80.36 %,899,56.99
583,Rudraprayag,Uttarakhand,242285,6.53 %,1114,81.30
584,South Andaman,Andaman And Nicobar Islands,238142,14.23 %,871,89.13
585,Bishnupur,Manipur,237399,13.93 %,999,75.85
586,Kishtwar,Jammu and Kashmir,230696,20.88 %,920,56.20
587,The Dangs,Gujarat,228291,22.26 %,1006,75.16
588,Dima Hasao,Assam,214102,13.84 %,932,77.54
589,Karaikal,Puducherry,200222,17.23 %,1047,87.05
590,Tuensang,Nagaland,196596,94.83 %,929,73.08
591,Mokokchung,Nagaland,194622,60.94 %,925,91.62
592,Daman,Daman and Diu,191173,67.71 %,534,88.07
593,Ukhrul,Manipur,183998,30.70 %,943,81.35
594,Papumpare,Arunachal Pradesh,176573,44.73 %,980,79.95
595,Wokha,Nagaland,166343,98.81 %,968,87.69
596,Phek,Nagaland,163418,111.84 %,951,78.05
597,Lunglei,Mizoram,161428,17.64 %,947,88.86
598,Changlang,Arunachal Pradesh,148226,18.18 %,926,59.80
599,South Sikkim,Sikkim,146850,11.65 %,915,81.42
600,Lohit,Arunachal Pradesh,145726,16.59 %,912,68.18
601,Chandel,Manipur,144182,21.85 %,933,71.11
602,South Garo Hills,Meghalaya,142334,40.95 %,945,71.72
603,New Delhi,Delhi,142004,-20.72 %,822,88.34
604,Kargil,Jammu and Kashmir,140802,18.02 %,810,71.34
605,Zunheboto,Nagaland,140757,78.05 %,976,85.26
606,Tamenglong,Manipur,140651,26.15 %,943,70.05
607,Narayanpur,Chhattisgarh,139820,19.16 %,994,48.62
608,West Sikkim,Sikkim,136435,10.69 %,942,77.39
609,Leh,Jammu and Kashmir,133487,13.87 %,690,77.20
610,Champhai,Mizoram,125745,16.01 %,984,95.91
611,Lawngtlai,Mizoram,117894,60.14 %,945,65.88
612,West Siang,Arunachal Pradesh,112274,8.04 %,930,66.46
613,Tirap,Arunachal Pradesh,111975,11.61 %,944,52.19
614,North And Middle Andaman,Andaman And Nicobar Islands,105597,-0.02 %,925,83.91
615,East Siang,Arunachal Pradesh,99214,13.52 %,980,72.54
616,Peren,Nagaland,95219,104.15 %,915,77.95
617,Kurung Kumey,Arunachal Pradesh,92076,116.56 %,1032,48.75
618,Mamit,Mizoram,86364,37.56 %,927,84.93
619,Kinnaur,Himachal Pradesh,84121,7.39 %,819,80.00
620,Kolasib,Mizoram,83955,27.28 %,956,93.50
621,West Kameng,Arunachal Pradesh,83947,12.53 %,819,67.07
622,Upper Subansiri,Arunachal Pradesh,83448,50.78 %,998,63.80
623,Lower Subansiri,Arunachal Pradesh,83030,49.00 %,984,74.35
624,East Kameng,Arunachal Pradesh,78690,37.62 %,1029,60.02
625,Kiphire,Nagaland,74004,38.58 %,956,69.54
626,Serchhip,Mizoram,64937,20.56 %,977,97.91
627,Lakshadweep,Lakshadweep,64473,6.30 %,946,91.85
628,Saiha,Mizoram,56574,-7.34 %,979,90.01
629,Yanam,Puducherry,55626,77.19 %,1038,79.47
630,Lower Dibang Valley,Arunachal Pradesh,54080,7.20 %,928,69.13
631,Diu,Daman and Diu,52074,17.77 %,1031,83.46
632,Longleng,Nagaland,50484,-21.57 %,905,72.17
633,Tawang,Arunachal Pradesh,49977,28.40 %,714,59.00
634,North Sikkim,Sikkim,43709,6.53 %,767,78.01
635,Mahe,Puducherry,41816,13.54 %,1184,97.87
636,Nicobars,Andaman And Nicobar Islands,36842,-12.42 %,777,78.06
637,Upper Siang,Arunachal Pradesh,35320,5.87 %,889,59.99
638,Lahul and Spiti,Himachal Pradesh,31564,-5.00 %,903,76.81
639,Anjaw,Arunachal Pradesh,21167,14.19 %,839,56.46
640,Dibang Valley,Arunachal Pradesh,8004,10.07 %,813,64.10
